241214.712;$PSTMSAT,17,05036971,-46918,09471604,-13410781,21304241*64
241214.832;$PSTMSAT,19,05737039,-45317,-0377125,-14783072,21783149*7B
241214.857;$PSTMSAT,04,00435489,-43893,26553101,01018208,-1030445*58
241214.892;$PSTMSAT,12,00764948,-46236,-17509208,01440278,19622170*6E
241214.913;$PSTMTIM,VALID,493097805*21
241214.973;$PSTMKFCOV,6.6,32.0,12.0,44.5,1.4,0.8,1.2,0.4*70
241215.124;$PSTMPV,190009.000,5546.16044,N,03741.26431,E,143.97,M,0.0,-0.0,-0.1,5.7,1.7,2.6,3.5,0.0,6.7,0.9,0.0,0.0,1.1,0.0,0.6*42
241215.154;$PSTMPVQ,1.7,1.7,1.7,0.0,0.0,3.5,3.5,0.0,1.4,0.0*4E
241215.214;$PSTMAGPS,A,3,22,01,21,32,31,03,49,51,36,12,,,1.2,0.7,1.0*67
241215.297;$PSTMAGLO,A,3,79,69,85,78,86,70,71,,,,,,1.2,0.7,1.0*66
241215.341;$GPDTM,W84,,000.00000,N,000.00000,E,0.000000,W84*5F
241215.413;$GPRMC,190014.000,A,5546.15917,N,03741.26061,E,4.5,275.9,180521,,,A*6F
241215.490;$GPGGA,190014.000,5546.15917,N,03741.26061,E,1,12,0.9,143.84,M,14.4,M,,*6B
241215.520;$GPVTG,275.9,T,,M,4.5,N,8.3,K,A*0E
241215.594;$GPGST,190014.000,17.5,6.1,4.2,-0.1,6.1,4.2,7.0*72
241215.626;$GNGSA,A,3,22,01,21,32,31,03,12,,,,,,1.6,0.9,1.4*26
241215.685;$GNGSA,A,3,79,69,85,70,71,,,,,,,,1.6,0.9,1.4*2A
241215.857;$PSTMTS,1,22,146413267.00,-47005.49,01,43,474214,1,14837311.94,5722457.53,21455869.94,-1160.13,2428.36,175.22,-183184.77,3.98,12,-1.56,0.00,0,0,0,0*08
241216.024;$PSTMTS,1,01,145955227.88,-48170.34,01,46,469255,1,17476727.56,6457318.06,18807535.69,1039.62,2192.54,-1661.89,205447.05,4.11,12,-0.27,0.00,0,0,0,0*10
241216.165;$PSTMEPHEM,1,64,6e08c43bc43b4d4d4d68010058a7ff006efdfc27300882fdccff50ff522e0000364c1d28ad249305d37a0da12efc61489cd11279ca335c220b009fff9b74d603*07
241216.332;$PSTMTS,1,21,147244594.00,-49178.45,01,41,470391,1,19605048.38,12427051.28,14049839.75,737.51,1483.87,-2420.23,35696.52,4.52,14,-5.98,0.00,0,0,0,0*28
241216.492;$PSTMEPHEM,3,64,6e08c43bc43b313131b8f9003ca8ff00fef42f1d2f1092f62400f9ffe02e00007b1f7d276be4cb0156d00ca178a07f1deec355a36c4af4210400a5ff6e82fa03*03
241216.636;$PSTMTS,1,32,4148680.62,-50298.76,00,40,466668,1,-6221480.78,14815323.72,21233888.84,-2671.96,-136.64,-708.00,6287.09,6.27,12,0.02,0.00,0,0,0,0*1A
241216.787;$PSTMEPHEM,4,64,6e083f393f390101010000000000000100000000000000000000000000001400cc101f27cc189900e2480fa18510604c28f75ecfc6e394890000f3ff6e8df90b*07
241216.942;$PSTMTS,1,86,123972277.00,-46404.53,01,37,464308,1,-9167327.72,16957542.44,16725354.97,264.27,-2273.08,2451.89,31110.25,8.72,0,0.00,0.00,0,0,0,0*2C
241217.112;$PSTMEPHEM,12,64,6e08c43bc43b58585884f400f2a8ff0000045e1c8311f9020800a7ff5b2e000030d9ac2778255204dbea0da1d4407711b1443b2629fb8831e500d3ff5b98fe03*33
241217.256;$PSTMTS,1,87,123537890.25,-51951.09,01,37,463650,1,-8570813.56,14208403.88,19382228.66,-2346.83,1238.08,-1948.67,21582.47,7.58,0,0.00,0.00,0,0,0,0*34
241217.419;$PSTMEPHEM,17,64,6e083f393f390101010000000000000100000000000000000000000000001000330a03280168da061e9c0ba1e505ab64d3067650f10d2ec0000035001190ce0b*38
241217.568;$PSTMTS,1,90,122124410.19,-51315.28,01,43,463215,1,21124563.84,8112047.12,11746992.41,1444.03,746.02,-3112.43,-62926.17,5.02,2,-4.95,0.00,0,0,0,0*0E
241217.741;$PSTMEPHEM,19,64,6e083f393f3901010100000000000001000000000000000000000000000010007ec3f327866bb9049ea70ba1b7ac84c923854d524980ed4a00002c00490ec00b*6F
241217.887;$PSTMTS,1,31,4447526.44,-44920.81,00,42,444727,1,6129813.59,24361702.84,7784184.59,-737.77,-762.36,2980.86,-35381.19,7.47,12,0.46,0.00,0,0,0,0*36
241218.054;$PSTMEPHEM,21,64,6e08c43bc43b252525740300eda7ff00c3ffb4276706e900e8001700e53200007a8701276f42540cbf860da1513384a8ca2bac7582519ed1ea001700a0e6c303*3B
241218.203;$PSTMTS,1,79,124522991.00,-49883.24,01,23,442947,1,-11031995.44,-1127706.50,22981649.75,201.39,-3136.34,-58.80,19308.32,10.77,0,0.00,0.00,0,0,0,0*11
241218.350;$PSTMEPHEM,22,64,6e08c43bc43b5757574cfb00b6a5ff0096f4f51c4e0e37f659001800ce3600005f7316268ffc99035f560ca10569427aef3f4b9f7aa977d8da00540075faeb03*6C
241218.505;$PSTMTS,1,83,121968246.88,-47062.44,01,22,443375,1,11968750.34,-3730945.38,22213620.38,2544.93,1682.10,-1078.64,-33974.53,4.84,0,0.00,0.00,0,0,0,0*3B
241218.662;$PSTMEPHEM,31,64,6e08c43bc43b505050b4fe00f4a6ff005102911e580e540268002a0056330000cba3f626fe941505b2430ea1ee1e8e195c58b1f950c9a90ae400edffd521fc13*6D
241218.814;$PSTMTS,1,82,120925596.25,-48139.11,01,32,438925,1,11605991.16,5926802.56,21927877.78,-2688.18,1336.84,1059.45,59423.72,3.94,0,0.00,0.00,0,0,0,0*39
241218.982;$PSTMEPHEM,32,64,6e08c43bc43b5d5d5d30070043aaff0054fe7019461371feaeff460015310000517bfd2602d18802ba5b0da1d6cd15bfe25cb5cd70b1809f0100f9ffd2afc003*6B
241219.143;$PSTMTS,1,03,147290704.81,-45232.86,01,40,443451,1,18049786.09,-4616600.59,18800429.44,-1150.90,2118.13,1628.89,-50222.32,5.27,12,-0.12,0.00,0,0,0,0*2D
241219.284;$PSTMEPHEM,79,64,6e084d3d7c9f6b0c49bf610546d4060e47d83588426db100fbaac892371a070000000000230e21001200000033000000f839ea2a000000001f00000000000002*6E
241219.459;$PSTMTS,1,91,123460930.56,-45233.10,01,41,441332,1,22412127.22,-4941307.62,11220246.25,-1437.67,536.25,3115.80,-12724.14,7.19,2,-6.63,0.00,0,0,0,0*26
241219.612;$PSTMEPHEM,82,64,6e08be3d749f6c0d834f20098ec1aa064b96e190ab341900160ac4924d59090000000300613f23001200000029000000f839002b000000001f00000000000002*38
241219.752;$PSTMTS,1,17,5081603.75,-46916.89,00,25,423468,1,9484525.41,-13409297.31,21299327.28,2584.06,296.27,-983.88,133248.76,7.95,12,0.21,0.00,1,16,1,0*2B
241219.928;$PSTMEPHEM,83,64,6e084d3d7c9f6b1caffa2d1967ce27160569a8941e0d1f00fdeccd8a754e89000204040052db01001200000033000000f839ea2a000000001f00000000000002*36
241220.074;$PSTMTS,1,12,808937.81,-46245.32,00,25,75082,1,-17502216.44,1429610.00,19629165.44,1398.37,-2134.22,1398.10,-12843.26,26.16,0,0.00,0.00,0,0,0,0*09
241220.242;$PSTMEPHEM,86,64,6e08be3d749f6c1d02541985189f010f6fe0ce8103f6a800256f499a813121000004070041b321001300000029000000f839002b000000001f00000000000002*39
241220.273;$PSTMSAT,22,146413267,-47005,14837312,05722458,21455870*7B
241220.442;$PSTMEPHEM,87,64,6e08be3d749f6c0d6e754885fb67a0051df7de81f06c14004f35229ab775a50001000800f52d21001300000034000000f839002b000000001f00000000000002*67
241220.501;$PSTMSAT,01,145955228,-48170,17476728,06457318,18807536*79
241220.666;$PSTMEPHEM,90,64,6e08be3d749f6c0d0153b80ab18d121561d40d9131010700c9b815019e52b50003040b00647003001300000034000000f839002b000000001f00000000000002*3B
241220.723;$PSTMSAT,21,147244594,-49178,19605048,12427051,14049840*7C
241220.887;$PSTMEPHEM,91,64,6e08be3d749f6c1d86af901aa2559b0725bc87944e120d00385ab10117982d0000000c0005b200001200000033000000f839002b000000001f00000000000002*6B
241220.942;$PSTMSAT,32,04148681,-50299,-6221481,14815324,21233889*52
241220.946;$PSTMDUMPEPHEMS
241221.028;$PSTMSAT,86,123972277,-46405,-9167328,16957542,16725355*64
241221.135;$PSTMALMANAC,1,40,016e08633e59751b56fd00001d0da100720579003a6422002c600300cdeabf000000000000000000*47
241221.187;$PSTMSAT,87,123537890,-51951,-8570814,14208404,19382229*6A
241221.293;$PSTMALMANAC,2,40,026e086380a5890d47fd00000a0da100039d7500bf2dc200c9820e0085fdbf000000000000000000*1D
241221.369;$PSTMSAT,90,122124410,-51315,21124564,08112047,11746992*75
241221.466;$PSTMALMANAC,3,40,036e0863cb1c6b1142fd0000560ca1000a48a300b9072200f37fd8004fefbf000000000000000000*4C
241221.523;$PSTMSAT,31,04447526,-44921,06129814,24361703,07784185*4C
241221.652;$PSTMALMANAC,4,40,046e0863070a830b59fd0000920da1006851cf00f60689008e3e4500310780000000000000000000*40
241221.710;$PSTMSAT,79,124522991,-49883,-11031995,-1127706,22981650*42
241221.806;$PSTMALMANAC,5,40,056e0863dd31ed0836fd0000910ea1009bc8a100c3562400e3147200d30780000000000000000000*1B
241221.865;$PSTMSAT,83,121968247,-47062,11968750,-3730945,22213620*6A
241221.988;$PSTMALMANAC,6,40,066e08631e121b1b58fd0000c70da10067af78009276d800f35f0c00130880000000000000000000*11
241222.041;$PSTMSAT,82,120925596,-48139,11605991,05926803,21927878*72
241222.147;$PSTMALMANAC,7,40,076e0863337a370648fd0000a30da10036f2f800ebeca000089deb00a41880000000000000000000*44
241222.210;$PSTMSAT,03,147290705,-45233,18049786,-4616601,18800429*66
241222.311;$PSTMALMANAC,8,40,086e086304341f1053fd0000710ca1002c3c4d005d17020002975e00e90780000000000000000000*4E
241222.369;$PSTMSAT,91,123460931,-45233,22412127,-4941308,11220246*6E
241222.493;$PSTMALMANAC,9,40,096e08632f0fd90651fd0000db0da100983fcd00baa64a00896b6f0095febf000000000000000000*10
241222.550;$PSTMSAT,17,05081604,-46917,09484525,-13409297,21299327*6E
241222.658;$PSTMALMANAC,10,40,0a6e08633236571142fd0000f60ca100f129a30079a097003282b0007cf7bf000000000000000000*27
241222.719;$PSTMSAT,12,00808938,-46245,-17502216,01429610,19629165*66
241222.826;$PSTMALMANAC,11,40,0b530863f77f74ed32fd00005f0da100d2fbee003730540066f5da008c1fc0000000000000000000*2D
241222.849;$PSTMTIM,VALID,501103142*2D
241222.954;$PSTMALMANAC,12,40,0c6e086314455f1448fd00007e0da100c02d2600a7883100e176cc00d2ffbf000000000000000000*29
241223.011;$PSTMKFCOV,7.4,37.5,18.0,48.5,1.2,0.5,0.9,0.4*74
241223.134;$PSTMALMANAC,13,40,0d6e0863a02889105ffd0000140da1003f4dd300ef84270088fb45008d0880000000000000000000*7D
241223.258;$PSTMPV,190014.000,5546.15917,N,03741.26061,E,143.84,M,0.2,-2.3,0.1,6.1,1.4,2.6,4.2,1.0,7.0,0.7,0.0,0.0,0.9,0.0,0.6*69
241223.392;$PSTMALMANAC,14,40,0e6e0863d0059e093bfd00008e0da100b91325007cad6d00a8e6da0057f0bf000000000000000000*7D
241223.407;$PSTMPVQ,1.7,1.7,1.7,0.0,0.0,3.5,3.5,0.0,1.4,0.0*4E
241223.537;$PSTMALMANAC,15,40,0f6e0863c96bf7f639fd0000780ca100dc37c900a2092800ed1a3800650f80000000000000000000*76
241223.571;$PSTMAGPS,A,3,22,01,21,32,31,03,49,12,,,,,1.6,0.9,1.4*68
241223.699;$PSTMALMANAC,16,40,106e086309646b1449fd0000280da10053f12600fea61b00ce2a8200a8f6bf000000000000000000*7C
241223.746;$PSTMAGLO,A,3,79,69,85,78,86,70,71,,,,,,1.6,0.9,1.4*68
241223.854;$PSTMALMANAC,17,40,116e0863366dc61960fd0000770ca100b86850003d22c000291e5d00d31180000000000000000000*2E
241223.963;$PSTMALMANAC,18,40,126e0863810bd51049fd0000ed0ca100e180790090ac76003c130f006f0180000000000000000000*28
241224.022;$GPDTM,W84,,000.00000,N,000.00000,E,0.000000,W84*5F
241224.126;$PSTMALMANAC,19,40,136e0863114cd31860fd0000be0ca100f43f520012d34a001b01c200030880000000000000000000*23
241224.216;$GPRMC,190022.000,A,5546.15957,N,03741.23386,E,7.8,269.2,180521,,,A*69
241224.316;$PSTMALMANAC,20,40,146e08639f312dfd22fd000046fda000f5589d008f8e7b0025fc0d00230280000000000000000000*74
241224.401;$GPGGA,190022.000,5546.15957,N,03741.23386,E,1,10,0.8,143.48,M,14.4,M,,*66
241224.502;$PSTMALMANAC,21,40,156e086338c5b80947fd00001b0da1003a9e75008baad100a97e63007d0880000000000000000000*21
241224.524;$GPVTG,269.2,T,,M,7.8,N,14.4,K,A*3C
241224.648;$PSTMALMANAC,22,40,166e0863963902fb21fd0000c90ba100ce3c9f000985d800bc523500811d80000000000000000000*79
241224.688;$GPGST,190022.000,24.5,6.9,5.9,0.2,6.9,5.9,7.3*5A
241224.815;$PSTMALMANAC,23,40,176e0863b109150e3efd0000ca0ca1006735a200b0526900e694f3006ef8bf000000000000000000*74
241224.874;$GNGSA,A,3,22,01,21,31,03,17,19,,,,,,1.6,0.8,1.3*2C
241224.975;$PSTMALMANAC,24,40,186e0863d65a5ffb39fd0000630da10048c3f500171f1e00ca1112005d3080000000000000000000*27
241225.005;$GNGSA,A,3,85,70,71,,,,,,,,,,1.6,0.8,1.3*2D
241225.125;$PSTMALMANAC,25,40,196e08630e51280c3cfd00008f0ca1000730230048872700b049c100941080000000000000000000*23
241225.226;$PSTMALMANAC,26,40,1a6e08632c30beff2bfd0000ff0ba100827a210002a00c0066b3a4005c0880000000000000000000*7D
241225.347;$PSTMALMANAC,27,40,1b6e08635d4db9155afd0000200da10097ef4d0076711900d79c5b0074f7bf000000000000000000*23
241225.472;$PSTMALMANAC,28,40,1c6e0863b18ed2134bfd00000f12a1009b1627001080c900eb2f730054f2bf000000000000000000*7E
241225.571;$PSTMALMANAC,29,40,1d6e08633c0ffc1a63fd0000c60ca1009eea50005e1c57003237630091f6bf000000000000000000*7C
241225.670;$PSTMALMANAC,30,40,1e6e0863b72a95fc3afd00002a0da1004ca6f900dfab8e00613fe5003ffebf000000000000000000*2D
241225.840;$PSTMTS,1,22,86526332.25,-47006.77,01,44,482213,1,14828035.16,5741886.50,21457257.25,-1159.15,2429.01,171.62,-183184.75,3.98,12,-1.56,0.00,0,0,0,0*30
241225.944;$PSTMALMANAC,31,40,1f6e0863665109094cfd0000e20da100b6a3f900faae0a00ad81d40084ffbf000000000000000000*29
241226.111;$PSTMTS,1,01,86070064.31,-48172.84,01,46,477255,1,17485045.53,6474849.62,18794228.03,1039.92,2190.49,-1665.12,205447.03,4.11,12,-0.27,0.00,0,0,0,0*24
241226.214;$PSTMALMANAC,32,40,206e08639c28700955fd0000fe0ca100f9a7cd003f929f00980c7a00160080000000000000000000*7A
241226.372;$PSTMTS,1,21,87360964.75,-49179.45,01,43,478391,1,19610946.09,12438912.62,14030469.47,736.95,1481.56,-2422.48,35696.52,4.52,14,-5.98,0.00,0,0,0,0*19
241226.467;$PSTMALMANAC,65,40,416e08008051a17213e81800aa6c06006ee900002622600068c034006208020012000080f7390000*77
241226.629;$PSTMTS,1,32,4225271.06,-50294.59,00,28,474668,1,-6242853.31,14814235.75,21228210.66,-2671.33,-135.39,-711.59,6287.09,6.27,12,0.02,0.00,0,0,0,0*11
241226.729;$PSTMALMANAC,66,40,4265080000463567249c0200790415001bab1d00ad45340006c134004597020000000000bb390000*75
241226.897;$PSTMTS,1,86,124041775.88,-46405.23,01,25,472308,1,-9165218.91,16939347.00,16744956.59,262.97,-2275.91,2448.67,31110.25,8.72,0,0.00,0.00,0,0,0,0*20
241226.997;$PSTMALMANAC,67,40,4359080000a3b27606de070034a90b00ce250a0014297801916b34003b8003000700008065390000*24
241227.162;$PSTMTS,1,87,123615667.25,-51947.57,01,24,471650,1,-8589576.62,14218310.72,19366624.88,-2344.09,1238.68,-1952.39,21582.47,7.58,0,0.00,0.00,0,0,0,0*36
241227.268;$PSTMALMANAC,68,40,446e0800805121787ef22000386f07003c6b1a00f026040005c03400a4d8020012000080f7390000*7A
241227.421;$PSTMTS,1,90,122201124.94,-51318.12,01,40,471214,1,21136106.53,8118003.47,11722084.75,1441.72,743.12,-3114.68,-62926.17,5.02,2,-4.95,0.00,0,0,0,0*0F
241227.526;$PSTMALMANAC,69,40,456e08008051217b14f614007487050077620c005f404801a2bf3400d88a020012000080f7390000*23
241227.688;$PSTMTS,1,31,4515919.12,-44930.16,00,37,452727,1,6123904.75,24355594.69,7808025.28,-739.48,-764.73,2979.49,-35381.19,7.47,12,0.46,0.00,0,0,0,0*34
241227.794;$PSTMALMANAC,70,40,466e08008051917c02bc1900411904003baf02004812680001c0340048f1020012000080f7390000*7A
241227.956;$PSTMTS,1,79,124597876.62,-49887.61,01,20,450946,1,-11030392.59,-1152795.72,22981161.75,199.38,-3136.39,-63.21,19308.32,10.86,0,0.00,0.00,0,0,0,0*11
241228.054;$PSTMALMANAC,71,40,476e08008051c17e3c0e1000fe7e0b00e3e512003023600006c034002fad020012000080f7390000*7A
241228.205;$PSTMTS,1,83,122038785.94,-47071.77,01,20,451375,1,11989109.97,-3717498.72,22204974.41,2545.11,1679.69,-1082.92,-33974.53,4.84,0,0.00,0.00,0,0,0,0*31
241228.307;$PSTMALMANAC,72,40,486e08008051b14001c40600d2f208008c051100362860006dc03400f9d6030012000080f7390000*23
241228.481;$PSTMTS,1,82,120997766.19,-48143.26,01,37,446925,1,11584485.78,5937506.06,21936336.22,-2688.34,1339.08,1055.23,59423.72,3.94,0,0.00,0.00,0,0,0,0*39
241228.582;$PSTMALMANAC,73,40,496e08008051114215ea07002f810400d3531800731c04011ebf34006096020012000080f7390000*7E
241228.736;$PSTMTS,1,03,3459178.44,-45228.97,00,41,451451,1,18040579.81,-4599648.25,18813447.25,-1150.76,2120.07,1625.66,-50222.35,5.27,12,-0.12,0.00,0,0,0,0*2B
241228.846;$PSTMALMANAC,74,40,4a6e0800805141450dac10002a8d0a00c5b20800f6454801b0bf3400bc83020012000080f7390000*28
241229.009;$PSTMTS,1,91,123528523.12,-45228.49,01,35,449332,1,22400615.50,-4937008.06,11245163.25,-1440.36,538.67,3113.64,-12724.14,7.19,2,-6.63,0.00,0,0,0,0*20
241229.105;$PSTMALMANAC,75,40,4b6e08008051314726f00200d4c407007ace0a00aa454801eebf3400b531020012000080f7390000*24
241229.275;$PSTMTS,1,17,5153012.19,-46917.17,00,25,431468,1,9505194.12,-13406932.84,21291442.50,2583.27,294.89,-987.38,133248.77,7.95,12,0.21,0.00,1,16,1,0*26
241229.375;$PSTMALMANAC,76,40,4c6e0800805111496fde0a00542d030037250e007f3a400198bf34006cf8020012000080f7390000*2C
241229.524;$PSTMTS,1,19,5849129.38,-45314.76,00,23,2469,1,-340667.62,-14778258.00,21786819.06,2804.91,369.27,279.21,522.87,12.61,12,-1.50,0.00,1,16,1,0*32
241229.632;$PSTMALMANAC,77,40,4d6e08008051314a093a200027e10900264f1c0029230c000dc0340046d5020012000080f7390000*72
241229.787;$PSTMTS,1,12,879356.19,-46254.17,00,21,83082,1,-17491030.66,1412529.44,19640336.19,1398.18,-2136.03,1394.67,-12843.27,26.16,0,0.00,0.00,0,0,0,0*07
241229.893;$PSTMALMANAC,78,40,4e6e08008051414c17e212004d4b0c009e221e00532a100024c03400b9c0020012000080f7390000*77
241229.955;$PSTMSAT,22,86526332,-47007,14828035,05741886,21457257*4D
241230.078;$PSTMALMANAC,79,40,4f6e08008051e17211c6070089781000edaf1600b21c580009c03400d0db020012000080f7390000*2B
241230.131;$PSTMSAT,01,86070064,-48173,17485046,06474850,18794228*48
241230.229;$PSTMALMANAC,80,40,506a08008051e17411b605004cee09003dd800007f1c90000ec434006fdd02001a000080db390000*7B
241230.290;$PSTMSAT,21,87360965,-49179,19610946,12438913,14030469*4E
241230.417;$PSTMALMANAC,81,40,516a080080517177635e060091150c0040f509001c432c01cfc03400722402001a000080db390000*74
241230.476;$PSTMSAT,32,04225271,-50295,-6242853,14814236,21228211*59
241230.574;$PSTMALMANAC,82,40,526e08008051617834320600497a110051cb0d00121c140000c03400b671020012000080f7390000*27
241230.635;$PSTMSAT,86,124041776,-46405,-9165219,16939347,16744957*6B
241230.758;$PSTMALMANAC,83,40,536e08008051617b1ec42400df940f00ebc3040036434801d4bf34008a0c020012000080f7390000*7C
241230.814;$PSTMSAT,87,123615667,-51948,-8589577,14218311,19366625*69
241230.913;$PSTMALMANAC,84,40,546e08008051d17c0e94090043e90d00aac91400f0215c006ec03400e33f020012000080f7390000*70
241230.972;$PSTMSAT,90,122201125,-51318,21136107,08118003,11722085*7A
241231.094;$PSTMALMANAC,85,40,556e08008051017f04842e0051c00100b3650400d6186800a9bf3400bf0b020012000080f7390000*20
241231.149;$PSTMSAT,31,04515919,-44930,06123905,24355595,07808025*4B
241231.250;$PSTMALMANAC,86,40,566e08008051f1401bbe0a00bbe91200b9861800912158000ec0340085bf020012000080f7390000*2C
241231.314;$PSTMSAT,79,124597877,-49888,-11030393,-1152796,22981162*4E
241231.438;$PSTMALMANAC,87,40,576e08008051514213160b00adb40e0010f51f00ad2a10003cc0340033d6020012000080f7390000*20
241231.491;$PSTMSAT,83,122038786,-47072,11989110,-3717499,22204974*60
241231.598;$PSTMALMANAC,88,40,586e0800805181450b1a07001fc00000feec1f00522b4001b6bf34009ecc020012000080f7390000*75
241231.657;$PSTMSAT,82,120997766,-48143,11584486,05937506,21936336*73
241231.782;$PSTMALMANAC,89,40,596e08008051714765ae0700fea11200c5700200eb424c01ddc034002e31020012000080f7390000*27
241231.837;$PSTMSAT,03,03459178,-45229,18040580,-4599648,18813447*5D
241231.937;$PSTMALMANAC,90,40,5a6e080080515149376407000f3f0d0033810600033f480163bf3400d66f020012000080f7390000*28
241231.993;$PSTMSAT,91,123528523,-45228,22400616,-4937008,11245163*65
241232.116;$PSTMALMANAC,91,40,5b6e08008051714a0b281c00f61200005cd8140056230401f9bf34001cd4020012000080f7390000*79
241232.174;$PSTMSAT,17,05153012,-46917,09505194,-13406933,21291442*61
241232.280;$PSTMALMANAC,92,40,5c6e08008051814c0f5c230020660200fa9c16008123100110c0340004c6020012000080f7390000*2E
241232.342;$PSTMSAT,19,05849129,-45315,-0340668,-14778258,21786819*72
241232.365;$PSTMDUMPALMANAC
241232.428;$PSTMSAT,12,00879356,-46254,-17491031,01412529,19640336*64
241232.437;$PSTMTIM,VALID,511027576*28
241232.499;$PSTMKFCOV,9.1,47.0,35.0,53.0,1.1,0.2,1.0,0.5*70
241232.622;$PSTMPV,190022.000,5546.15957,N,03741.23386,E,143.48,M,-0.1,-4.0,-0.0,6.9,1.4,2.2,5.9,2.0,7.3,0.5,0.0,0.0,1.0,0.0,0.7*6D
241232.788;$PSTMPVQ,1.7,1.7,1.7,0.0,0.0,3.5,3.5,0.0,1.4,0.0*4E
241232.793;$PSTMAGPS,A,3,22,01,21,32,31,03,49,51,12,,,,1.6,0.8,1.3*6A
241232.808;$PSTMAGLO,A,3,79,69,85,78,86,70,71,,,,,,1.6,0.8,1.3*6E
241232.869;$GPDTM,W84,,000.00000,N,000.00000,E,0.000000,W84*5F
241232.953;$GPRMC,190031.000,A,5546.15402,N,03741.20690,E,3.7,246.2,180521,,,A*61
241233.010;$GPGGA,190031.000,5546.15402,N,03741.20690,E,1,15,0.8,145.28,M,14.4,M,,*6D
241233.043;$GPVTG,246.2,T,,M,3.7,N,6.8,K,A*05
241233.108;$GPGST,190031.000,16.5,7.4,6.5,-0.3,7.3,6.6,8.1*7C
241233.168;$GNGSA,A,3,22,01,21,32,31,03,17,19,12,,,,1.6,0.8,1.3*2E
241233.208;$GNGSA,A,3,79,69,85,78,86,70,,,,,,,1.6,0.8,1.3*2B
241233.377;$PSTMTS,1,22,86307053.12,-47012.50,01,43,491214,1,14817607.00,5763752.66,21458783.81,-1158.05,2429.74,167.58,-183184.74,3.98,12,-1.56,0.00,0,0,0,0*38
241233.553;$PSTMTS,1,01,1910895.69,-48180.42,00,41,486256,1,17494407.12,6494555.22,18779224.34,1040.25,2188.18,-1668.76,205447.00,4.11,12,-0.27,0.00,0,0,0,0*16
241233.690;$PSTMTS,1,21,3203516.81,-49184.59,00,35,487391,1,19617575.84,12452235.62,14008654.66,736.32,1478.95,-2425.01,35696.71,4.55,14,-5.98,0.00,0,0,0,0*2C
241233.856;$PSTMTS,1,32,4011637.12,-50304.51,00,38,483669,1,-6266894.03,14813023.56,21221787.72,-2670.62,-133.99,-715.62,6287.09,6.27,12,0.02,0.00,0,0,0,0*12
241234.004;$PSTMTS,1,86,3903170.69,-46418.24,01,36,481309,1,-9162858.62,16918847.78,16766980.12,261.52,-2279.10,2445.05,31110.25,8.72,0,0.00,0.00,0,0,0,0*23
241234.171;$PSTMTS,1,87,3486362.81,-51954.37,01,36,480650,1,-8610661.28,14229462.91,19349033.16,-2341.02,1239.36,-1956.57,21582.47,7.58,0,0.00,0.00,0,0,0,0*3D
241234.311;$PSTMTS,1,90,2070664.69,-51325.59,01,44,480215,1,21149071.41,8124677.41,11694039.00,1439.12,739.87,-3117.21,-62926.17,5.02,2,-4.95,0.00,0,0,0,0*0B
241234.481;$PSTMTS,1,31,4293081.38,-44923.99,00,33,461728,1,6117240.25,24348699.56,7834835.97,-741.39,-767.40,2977.95,-35381.19,7.47,12,0.46,0.00,0,0,0,0*33
241234.624;$PSTMTS,1,79,4465324.56,-49897.62,01,31,459947,1,-11028608.34,-1181025.72,22980570.53,197.12,-3136.44,-68.17,19308.32,10.86,0,0.00,0.00,0,0,0,0*1A
241234.785;$PSTMTS,1,83,1901352.62,-47079.80,01,36,460376,1,12012018.09,-3702392.75,22195205.97,2545.28,1676.97,-1087.71,-33974.56,4.83,0,0.00,0.00,0,0,0,0*30
241234.929;$PSTMTS,1,82,862194.38,-48149.54,01,34,455925,1,11560288.06,5949570.25,21945812.69,-2688.54,1341.62,1050.49,59423.72,3.94,0,0.00,0.00,0,0,0,0*0C
241235.095;$PSTMTS,1,03,3236863.25,-45239.61,00,34,460451,1,18030222.94,-4580556.25,18828062.94,-1150.60,2122.25,1622.01,-50222.37,5.27,12,-0.12,0.00,0,0,0,0*27
241235.235;$PSTMTS,1,91,3387807.25,-45246.48,01,34,458333,1,22387637.56,-4932147.38,11273177.38,-1443.40,541.39,3111.21,-12724.14,7.19,2,-6.63,0.00,0,0,0,0*22
241235.395;$PSTMTS,1,17,4933555.69,-46921.10,00,42,440468,1,9528440.66,-13404285.66,21282537.94,2582.34,293.33,-991.30,133248.91,7.94,12,0.21,0.00,1,16,1,0*2E
241235.561;$PSTMTS,1,19,5626948.44,-45331.71,00,29,11469,1,-315419.34,-14774941.19,21789312.84,2805.44,367.79,274.93,522.85,12.44,12,-1.50,0.00,1,16,1,0*0E
241235.697;$PSTMTS,1,12,658795.75,-46251.13,00,19,92083,1,-17478447.09,1393294.38,19652871.81,1397.96,-2138.07,1390.80,-12843.28,26.16,0,0.00,0.00,0,0,0,0*05
241235.760;$PSTMSAT,22,86307053,-47012,14817607,05763753,21458784*40
241235.819;$PSTMSAT,01,01910896,-48180,17494407,06494555,18779224*49
241235.875;$PSTMSAT,21,03203517,-49185,19617576,12452236,14008655*42
241235.927;$PSTMSAT,32,04011637,-50305,-6266894,14813024,21221788*55
241236.011;$PSTMSAT,86,03903171,-46418,-9162859,16918848,16766980*59
241236.069;$PSTMSAT,87,03486363,-51954,-8610661,14229463,19349033*55
241236.127;$PSTMSAT,90,02070665,-51326,21149071,08124677,11694039*4A
241236.182;$PSTMSAT,31,04293081,-44924,06117240,24348700,07834836*45
241236.242;$PSTMSAT,79,04465325,-49898,-11028608,-1181026,22980571*77
241236.318;$PSTMSAT,83,01901353,-47080,12012018,-3702393,22195206*5F
241236.376;$PSTMSAT,82,00862194,-48150,11560288,05949570,21945813*40
241236.434;$PSTMSAT,03,03236863,-45240,18030223,-4580556,18828063*59
241236.492;$PSTMSAT,91,03387807,-45246,22387638,-4932147,11273177*5D
241236.555;$PSTMSAT,17,04933556,-46921,09528441,-13404286,21282538*65
241236.618;$PSTMSAT,19,05626948,-45332,-0315419,-14774941,21789313*7A
241236.677;$PSTMSAT,12,00658796,-46251,-17478447,01393294,19652872*61
241236.700;$PSTMTIM,VALID,515394897*25
241236.758;$PSTMKFCOV,9.8,53.0,44.0,65.0,1.5,0.5,1.6,0.9*76
241236.882;$PSTMPV,190031.000,5546.15402,N,03741.20690,E,145.28,M,-0.8,-1.7,0.2,7.3,1.7,1.7,6.6,2.8,8.1,0.7,0.0,0.0,1.3,0.0,0.9*4F
241237.093;$PSTMPVQ,1.7,1.7,1.7,0.0,0.0,3.5,3.5,0.0,1.7,0.0*4D
241237.098;$PSTMAGPS,A,3,22,01,21,32,31,03,49,51,12,,,,1.6,0.8,1.3*6A
241237.103;$PSTMAGLO,A,3,79,69,85,78,86,70,71,,,,,,1.6,0.8,1.3*6E
241237.113;$GPDTM,W84,,000.00000,N,000.00000,E,0.000000,W84*5F
241237.199;$GPRMC,190035.000,A,5546.15423,N,03741.19463,E,5.7,282.5,180521,,,D*6E
241237.282;$GPGGA,190035.000,5546.15423,N,03741.19463,E,2,14,0.7,146.55,M,14.4,M,,*6A
241237.306;$GPVTG,282.5,T,,M,5.7,N,10.5,K,D*33
241237.371;$GPGST,190035.000,14.0,6.4,4.7,-0.2,6.3,4.7,7.7*74
241237.429;$GNGSA,A,3,22,01,21,32,31,03,17,12,,,,,1.2,0.7,1.0*2E
241237.489;$GNGSA,A,3,79,69,85,78,86,70,,,,,,,1.2,0.7,1.0*23
241237.648;$PSTMTS,1,22,146301330.31,-47013.15,01,44,495214,1,14812976.25,5773471.44,21459450.50,-1157.56,2430.05,165.79,-183184.64,3.98,12,-1.56,0.00,0,0,0,0*08
241237.812;$PSTMTS,1,01,1947570.12,-48183.08,00,43,490256,1,17498568.34,6503305.62,18772546.31,1040.40,2187.16,-1670.37,205446.99,4.11,12,-0.27,0.00,0,0,0,0*1C
241237.955;$PSTMTS,1,21,3240951.69,-49187.03,00,44,491391,1,19620520.47,12458148.94,13998952.69,736.03,1477.79,-2426.12,35696.71,4.55,14,-5.98,0.00,0,0,0,0*21
241238.108;$PSTMTS,1,32,4049925.94,-50307.51,00,39,487669,1,-6277575.59,14812488.91,21218921.72,-2670.31,-133.37,-717.41,6287.09,6.27,12,0.02,0.00,0,0,0,0*10
241238.263;$PSTMTS,1,86,3937915.00,-46420.83,01,38,485309,1,-9161814.03,16909728.88,16776756.78,260.89,-2280.53,2443.45,31110.25,8.69,0,0.00,0.00,0,0,0,0*2F
241238.423;$PSTMTS,1,87,3525237.38,-51956.94,01,38,484650,1,-8620022.00,14234420.66,19341203.66,-2339.67,1239.68,-1958.43,21582.48,7.61,0,0.00,0.00,0,0,0,0*3A
241238.569;$PSTMTS,1,90,2109038.12,-51334.02,01,38,484215,1,21154825.44,8127633.84,11681568.28,1437.97,738.42,-3118.33,-62926.17,5.02,2,-4.95,0.00,0,0,0,0*04
241238.720;$PSTMTS,1,31,4327276.06,-44933.99,00,36,465728,1,6114273.03,24345627.69,7846746.03,-742.25,-768.59,2977.27,-35381.19,7.47,12,0.46,0.00,0,0,0,0*3A
241238.894;$PSTMTS,1,79,4502777.19,-49900.14,01,30,463947,1,-11027822.00,-1193571.12,22980293.44,196.11,-3136.46,-70.37,19308.32,10.86,0,0.00,0.00,0,0,0,0*1D
241239.039;$PSTMTS,1,83,1936628.69,-47078.51,01,35,464376,1,12022199.09,-3695687.53,22190851.00,2545.35,1675.76,-1089.84,-33974.56,4.83,0,0.00,0.00,0,0,0,0*38
241239.198;$PSTMTS,1,82,898288.44,-48150.68,01,34,459925,1,11549534.12,5954938.84,21950010.31,-2688.61,1342.74,1048.38,59423.72,3.94,0,0.00,0.00,0,0,0,0*00
241239.335;$PSTMTS,1,03,3271286.75,-45236.02,00,40,464451,1,18025620.84,-4572065.56,18834547.56,-1150.53,2123.21,1620.40,-50222.39,5.27,0,0.00,0.00,0,0,0,0*32
241239.500;$PSTMTS,1,91,3421618.88,-45252.60,01,32,462333,1,22381861.47,-4929979.44,11285619.69,-1444.74,542.60,3110.13,-12724.14,7.19,2,-6.63,0.00,0,0,0,0*2C
241239.653;$PSTMTS,1,17,148869650.94,-46923.12,01,37,444468,1,9538768.91,-13403113.84,21278569.38,2581.93,292.64,-993.04,133248.91,7.94,12,0.21,0.00,1,16,1,0*2D
241239.793;$PSTMTS,1,19,5661454.25,-45329.62,00,32,15469,1,-304197.44,-14773471.47,21790408.72,2805.67,367.13,273.02,522.86,12.44,12,-1.50,0.00,1,16,1,0*05
241239.967;$PSTMTS,1,04,352826.75,-43905.84,00,27,3904,1,26555914.41,1025662.16,-948105.50,103.26,286.28,3167.14,-58991.38,15.25,14,-14.80,0.00,1,20,1,0*04
241240.118;$PSTMTS,1,12,693997.81,-46252.39,00,21,96083,1,-17472855.66,1384740.53,19658431.44,1397.87,-2138.97,1389.09,-12843.28,26.16,0,0.00,0.00,0,0,0,0*01
241240.178;$PSTMSAT,22,146301330,-47013,14812976,05773471,21459450*79
241240.218;$PSTMSAT,01,01947570,-48183,17498568,06503306,18772546*4E
241240.283;$PSTMSAT,21,03240952,-49187,19620520,12458149,13998953*42
241240.368;$PSTMSAT,32,04049926,-50308,-6277576,14812489,21218922*5D
241240.425;$PSTMSAT,86,03937915,-46421,-9161814,16909729,16776757*59
241240.481;$PSTMSAT,87,03525237,-51957,-8620022,14234421,19341204*58
241240.544;$PSTMSAT,90,02109038,-51334,21154825,08127634,11681568*4C
241240.605;$PSTMSAT,31,04327276,-44934,06114273,24345628,07846746*48
241240.658;$PSTMSAT,79,04502777,-49900,-11027822,-1193571,22980293*72
241240.718;$PSTMSAT,83,01936629,-47079,12022199,-3695688,22190851*53
241240.782;$PSTMSAT,82,00898288,-48151,11549534,05954939,21950010*43
241240.842;$PSTMSAT,03,03271287,-45236,18025621,-4572066,18834548*53
241240.898;$PSTMSAT,91,03421619,-45253,22381861,-4929979,11285620*54
241240.975;$PSTMSAT,17,148869651,-46923,09538769,-13403114,21278569*52
241241.034;$PSTMSAT,19,05661454,-45330,-0304197,-14773471,21790409*75
241241.095;$PSTMSAT,04,00352827,-43906,26555914,01025662,-0948106*52
241241.155;$PSTMSAT,12,00693998,-46252,-17472856,01384741,19658431*69
241241.180;$PSTMTIM,VALID,519969249*28
241241.242;$PSTMKFCOV,7.9,40.0,22.5,60.0,0.9,0.0,0.9,0.5*71
241241.368;$PSTMPV,190035.000,5546.15423,N,03741.19463,E,146.55,M,0.6,-2.8,0.2,6.3,1.4,2.6,4.7,2.4,7.7,0.0,0.0,0.0,0.9,0.0,0.7*6E
241241.621;$PSTMPVQ,1.7,1.7,1.7,0.0,0.0,3.5,3.5,0.0,1.7,0.0*4D
241241.626;$PSTMAGPS,A,3,22,01,21,32,31,03,49,51,36,12,,,1.2,0.7,1.0*67
241241.633;$PSTMAGLO,A,3,79,69,85,78,86,70,71,,,,,,1.2,0.7,1.0*66
241241.640;$GPDTM,W84,,000.00000,N,000.00000,E,0.000000,W84*5F
241241.679;$GPRMC,190040.000,A,5546.15632,N,03741.17690,E,5.3,281.6,180521,,,D*6A
241241.759;$GPGGA,190040.000,5546.15632,N,03741.17690,E,2,14,0.7,147.49,M,14.4,M,,*66
241241.793;$GPVTG,281.6,T,,M,5.3,N,9.8,K,D*02
241241.857;$GPGST,190040.000,12.0,6.5,4.4,-0.1,6.4,4.4,7.5*77
241241.891;$GNGSA,A,3,22,01,21,32,31,03,17,12,,,,,1.2,0.7,1.0*2E
241241.945;$GNGSA,A,3,79,69,85,78,86,70,,,,,,,1.2,0.7,1.0*23
241242.117;$PSTMTS,1,22,2445680.00,-47015.36,00,45,500214,1,14807190.25,5785622.28,21460273.81,-1156.94,2430.43,163.54,-183184.63,3.98,12,-1.56,0.00,0,0,0,0*09
241242.282;$PSTMTS,1,01,85935301.50,-48186.61,01,45,495255,1,17503770.69,6514237.88,18764189.66,1040.58,2185.88,-1672.39,205446.97,4.11,12,-0.27,0.00,0,0,0,0*26
241242.424;$PSTMTS,1,21,3287750.75,-49190.03,00,33,496391,1,19624199.62,12465534.03,13986818.94,735.66,1476.34,-2427.52,35696.71,4.55,14,-5.98,0.00,0,0,0,0*2C
241242.594;$PSTMTS,1,32,88039680.88,-50307.98,01,41,492668,1,-6290925.75,14811824.09,21215329.16,-2669.91,-132.59,-719.65,6287.09,6.27,12,0.02,0.00,0,0,0,0*28
241242.734;$PSTMTS,1,86,123898337.75,-46423.90,01,38,490309,1,-9160511.75,16898322.16,16788968.62,260.07,-2282.29,2441.44,31110.25,8.69,0,0.00,0.00,0,0,0,0*2E
241242.905;$PSTMTS,1,87,123490817.75,-51956.68,01,40,489650,1,-8631715.66,14240619.84,19331405.97,-2337.95,1240.05,-1960.75,21582.48,7.61,0,0.00,0.00,0,0,0,0*33
241243.048;$PSTMTS,1,90,122073980.69,-51333.83,01,31,489215,1,21162011.50,8131321.25,11665973.59,1436.53,736.61,-3119.74,-62926.17,5.02,2,-4.95,0.00,0,0,0,0*0C
241243.202;$PSTMTS,1,31,4370032.38,-44930.15,00,31,470727,1,6110559.22,24341781.19,7861629.81,-743.31,-770.07,2976.42,-35381.19,7.47,12,0.46,0.00,0,0,0,0*39
241243.369;$PSTMTS,1,79,124466545.19,-49905.52,01,35,468947,1,-11026844.72,-1209253.03,22979934.69,194.85,-3136.49,-73.13,19308.32,10.86,0,0.00,0.00,0,0,0,0*1E
241243.522;$PSTMTS,1,83,121897704.12,-47085.74,01,33,469375,1,12034925.75,-3687312.84,22185395.31,2545.44,1674.25,-1092.50,-33974.56,4.83,0,0.00,0.00,0,0,0,0*3B
241243.688;$PSTMTS,1,82,120860387.88,-48153.85,01,33,464925,1,11536091.28,5961655.91,21955245.44,-2688.70,1344.14,1045.74,59423.72,3.94,0,0.00,0.00,0,0,0,0*3E
241243.830;$PSTMTS,1,03,87256214.50,-45238.54,01,40,469451,1,18019868.62,-4561446.75,18842644.25,-1150.45,2124.42,1618.37,-50222.40,5.27,0,0.00,0.00,0,0,0,0*00
241244.001;$PSTMTS,1,91,123380846.50,-45247.22,01,30,467332,1,22374633.75,-4927262.72,11301166.53,-1446.43,544.11,3108.79,-12724.14,7.19,2,-6.63,0.00,0,0,0,0*27
241244.152;$PSTMTS,1,17,5013913.25,-46927.35,00,36,449468,1,9551676.88,-13401652.94,21273598.91,2581.41,291.77,-995.22,133248.92,7.94,12,0.21,0.00,1,16,1,0*2F
241244.295;$PSTMTS,1,19,89646456.00,-45340.21,01,32,20469,1,-290168.78,-14771638.03,21791767.84,2805.96,366.30,270.64,522.86,12.44,12,-1.50,0.00,1,16,1,0*3F
241244.445;$PSTMTS,1,04,394592.56,-43900.42,00,23,8904,1,26556425.97,1027093.12,-932270.00,101.36,286.12,3167.25,-58991.38,15.25,14,-14.80,0.00,1,20,1,0*05
241244.594;$PSTMTS,1,12,738001.06,-46256.29,00,23,101082,1,-17465866.94,1374043.12,19665371.31,1397.74,-2140.10,1386.94,-12843.28,26.16,0,0.00,0.00,0,0,0,0*3C
241244.654;$PSTMSAT,22,02445680,-47015,14807190,05785622,21460274*44
241244.713;$PSTMSAT,01,85935302,-48187,17503771,06514238,18764190*4B
241244.775;$PSTMSAT,21,03287751,-49190,19624200,12465534,13986819*43
241244.838;$PSTMSAT,32,88039681,-50308,-6290926,14811824,21215329*58
241244.916;$PSTMSAT,86,123898338,-46424,-9160512,16898322,16788969*60
241244.973;$PSTMSAT,87,123490818,-51957,-8631716,14240620,19331406*60
241245.026;$PSTMSAT,90,122073981,-51334,21162012,08131321,11665974*7C
241245.085;$PSTMSAT,31,04370032,-44930,06110559,24341781,07861630*44
241245.150;$PSTMSAT,79,124466545,-49906,-11026845,-1209253,22979935*41
241245.228;$PSTMSAT,83,121897704,-47086,12034926,-3687313,22185395*6C
241245.283;$PSTMSAT,82,120860388,-48154,11536091,05961656,21955245*76
241245.346;$PSTMSAT,03,87256214,-45239,18019869,-4561447,18842644*59
241245.404;$PSTMSAT,91,123380846,-45247,22374634,-4927263,11301167*69
241245.457;$PSTMSAT,17,05013913,-46927,09551677,-13401653,21273599*61
241245.544;$PSTMSAT,19,89646456,-45340,-0290169,-14771638,21791768*74
241245.599;$PSTMSAT,04,00394593,-43900,26556426,01027093,-0932270*56
241245.653;$PSTMSAT,12,00738001,-46256,-17465867,01374043,19665371*67
241245.676;$PSTMTIM,VALID,524575162*2D
241245.735;$PSTMKFCOV,7.8,41.5,19.5,57.0,1.2,0.6,0.8,0.5*75
241245.866;$PSTMPV,190040.000,5546.15632,N,03741.17690,E,147.49,M,0.5,-2.7,0.1,6.4,1.4,2.8,4.4,2.4,7.5,0.8,0.0,0.0,0.9,0.0,0.7*6D
241246.112;$PSTMPVQ,1.7,1.7,1.7,0.0,0.0,3.5,3.5,0.0,1.4,0.0*4E
241246.116;$PSTMAGPS,A,3,22,01,21,32,31,03,49,51,36,12,,,1.2,0.7,1.0*67
241246.121;$PSTMAGLO,A,3,79,69,85,78,86,70,71,,,,,,1.2,0.7,1.0*66
241246.126;$GPDTM,W84,,000.00000,N,000.00000,E,0.000000,W84*5F
241246.180;$GPRMC,190044.000,A,5546.15715,N,03741.16789,E,4.8,273.7,180521,,,D*64
241246.239;$GPGGA,190044.000,5546.15715,N,03741.16789,E,2,15,0.7,146.55,M,14.4,M,,*63
241246.292;$GPVTG,273.7,T,,M,4.8,N,8.8,K,D*05
241246.330;$GPGST,190044.000,11.5,7.1,4.9,-0.1,7.0,5.0,7.7*7F
241246.390;$GNGSA,A,3,22,01,21,32,03,17,19,04,,,,,1.3,0.7,1.1*23
241246.450;$GNGSA,A,3,79,69,85,78,86,70,71,,,,,,1.3,0.7,1.1*25
241246.627;$PSTMTS,1,22,146381847.38,-47017.51,01,46,504214,1,14802563.69,5795344.38,21460924.34,-1156.44,2430.74,161.74,-183184.62,3.98,12,-1.56,0.00,0,0,0,0*03
241246.786;$PSTMTS,1,01,145930474.81,-48189.26,01,46,499255,1,17507933.22,6522979.03,18757497.06,1040.73,2184.85,-1674.00,205446.96,4.11,12,-0.27,0.00,0,0,0,0*15
241246.929;$PSTMTS,1,21,3325189.44,-49190.17,00,35,500391,1,19627141.66,12471436.91,13977106.94,735.37,1475.18,-2428.63,35696.71,4.55,14,-5.98,0.00,0,0,0,0*2B
241247.075;$PSTMTS,1,32,4136084.88,-50307.90,00,40,496668,1,-6301604.44,14811295.06,21212447.06,-2669.60,-131.97,-721.45,6287.09,6.27,12,0.02,0.00,0,0,0,0*1B
241247.244;$PSTMTS,1,86,123933083.56,-46424.74,01,37,494309,1,-9159472.84,16889190.47,16798730.84,259.42,-2283.70,2439.82,31110.25,8.69,0,0.00,0.00,0,0,0,0*23
241247.410;$PSTMTS,1,87,123529694.06,-51956.06,01,37,493650,1,-8641064.41,14245580.56,19323559.50,-2336.58,1240.34,-1962.60,21582.48,7.61,0,0.00,0.00,0,0,0,0*3C
241247.548;$PSTMTS,1,90,122112350.69,-51335.98,01,33,493215,1,21167754.97,8134264.59,11653493.06,1435.39,735.15,-3120.87,-62926.20,5.03,2,-4.97,0.00,0,0,0,0*0C
241247.700;$PSTMTS,1,31,4404236.56,-44926.05,00,30,474727,1,6107584.34,24338698.66,7873533.75,-744.16,-771.26,2975.73,-35381.19,7.47,12,0.46,0.00,0,0,0,0*3F
241247.863;$PSTMTS,1,79,124503997.44,-49908.66,01,40,472947,1,-11026067.41,-1221798.66,22979637.78,193.85,-3136.51,-75.33,19308.32,10.86,0,0.00,0.00,0,0,0,0*10
241248.030;$PSTMTS,1,83,121932986.50,-47087.19,01,31,473375,1,12045107.38,-3680618.53,22181021.16,2545.52,1673.04,-1094.63,-33974.56,4.83,0,0.00,0.00,0,0,0,0*3A